0 0.17
1 0.10
2 0.37
3 0.23
4 0.65
5 0.40
6 0.20
7 0.20
8 0.31
9 0.41
10 0.16
11 0.26
12 0.15
13 0.15
14 0.16
15 0.37
16 0.18
17 0.15
18 0.10
19 0.24
20 0.28
21 0.85
22 0.08
23 0.18
24 0.31
25 0.36
26 0.25
27 0.17
28 0.19
29 0.20
30 0.21
31 0.19
32 0.24
33 0.27
34 0.69
35 0.12
36 0.15
37 0.52
38 0.14
39 0.54
40 0.22
41 0.71
42 0.15
43 0.14
44 0.10
45 0.59
46 0.18
47 0.07
48 0.26
49 0.38
50 0.07
51 0.24
52 0.36
53 0.10
54 0.15
55 0.27
56 0.24
57 0.21
58 0.71
59 0.17
60 0.24
61 0.35
62 0.19
63 0.57
64 0.08
65 0.17
66 0.24
67 0.40
68 0.50
69 0.41
70 0.26
71 0.30
72 0.16
73 0.48
74 0.25
75 0.19
76 0.16
77 0.05
78 0.60
79 0.22
80 0.24
81 0.34
82 0.14
83 0.15
84 0.16
85 0.20
86 0.14
87 0.13
88 0.15
89 0.31
90 0.14
91 0.19
92 0.18
93 0.17
94 0.18
95 0.13
96 0.60
97 0.11
98 0.10
99 0.21
100 0.08
101 0.61
102 0.05
103 0.50
104 0.17
105 0.68
106 0.23
107 0.31
108 0.20
109 0.13
110 0.10
111 0.44
112 0.21
113 0.19
114 0.25
115 0.08
116 0.66
117 0.11
118 0.19
119 0.15
120 0.24
121 0.16
122 0.32
123 0.20
124 0.15
125 0.54
126 0.49
127 0.08
128 0.19
129 0.10
130 0.47
131 0.13
132 0.60
133 0.15
134 0.04
135 0.58
136 0.48
137 0.09
138 0.58
139 0.21
140 0.29
141 0.43
142 0.40
143 0.60
144 0.15
145 0.10
146 0.71
147 0.46
148 0.21
149 0.05
150 0.63
151 0.10
152 0.18
153 0.28
154 0.44
155 0.14
156 0.16
157 0.58
158 0.20
159 0.26
160 0.05
161 0.23
162 0.10
163 0.22
164 0.13
165 0.19
166 0.10
167 0.12
168 0.21
169 0.17
170 0.10
171 0.16
172 0.20
173 0.39
174 0.15
175 0.33
176 0.11
177 0.27
178 0.12
179 0.12
180 0.11
181 0.09
182 0.23
183 1.07
184 0.11
185 0.27
186 0.24
187 0.55
188 0.23
189 0.07
190 0.14
191 0.37
192 0.21
193 0.42
194 0.39
195 0.11
196 0.27
197 0.13
198 0.20
199 0.42
200 0.16
201 0.10
202 0.40
203 0.08
204 0.29
205 0.18
206 0.27
207 1.05
208 0.86
209 0.08
210 0.27
211 0.11
212 0.28
213 0.45
214 0.10
215 0.27
216 0.12
217 0.13
218 0.30
219 0.18
220 0.13
221 0.71
222 0.58
223 0.53
224 0.07
225 0.12
226 0.24
227 0.19
228 0.21
229 0.35
230 0.18
231 0.31
232 0.09
233 0.17
234 0.32
235 0.09
236 0.20
237 0.26
238 0.22
239 0.38
240 0.14
241 0.30
242 0.19
243 0.06
244 0.92
245 0.25
246 0.28
247 0.12
248 0.18
249 0.28
250 0.23
251 0.13
252 0.11
253 0.03
254 0.15
255 0.29
256 0.16
257 0.27
258 0.10
259 0.12
260 0.14
261 0.28
262 0.15
263 0.17
264 0.64
265 0.25
266 0.27
267 0.21
268 0.26
269 0.28
270 0.16
271 0.61
272 0.17
273 0.25
274 0.19
275 0.12
276 0.22
277 0.12
278 0.22
279 0.49
280 0.12
281 0.40
282 0.40
283 0.64
284 0.15
285 0.57
286 0.13
287 0.23
288 0.05
289 0.12
290 0.15
291 0.28
292 0.10
293 0.09
294 0.25
295 0.37
296 0.40
297 0.07
298 0.27
299 0.22
300 0.61
301 0.38
302 0.18
303 0.21
304 0.25
305 0.16
306 0.19
307 0.20
308 0.10
309 0.45
310 0.09
311 0.35
312 0.23
313 1.67
314 0.22
315 0.25
316 0.17
317 0.17
318 0.09
319 0.17
320 0.15
321 0.13
322 0.10
323 0.58
324 0.12
325 0.06
326 0.16
327 0.15
328 0.17
329 0.39
330 0.40
331 0.36
332 0.10
333 0.54
334 0.42
335 0.10
336 0.17
337 0.53
338 0.22
339 0.29
340 0.35
341 0.31
342 0.12
343 0.36
344 0.20
345 0.30
346 0.19
347 0.19
348 0.13
349 0.30
350 0.41
351 0.24
352 0.13
353 0.28
354 0.11
355 0.14
356 0.89
357 0.06
358 0.65
359 0.50
360 0.16
361 0.25
362 0.09
363 0.09
364 0.44
365 0.43
366 0.09
367 0.13
368 0.51
369 0.37
370 0.86
371 0.24
372 0.30
373 0.52
374 0.16
375 0.17
376 0.05
377 0.12
378 0.83
379 0.52
380 0.14
381 0.14
382 0.23
383 0.18
384 0.13
385 0.16
386 0.31
387 0.28
388 0.62
389 0.17
390 0.13
391 0.15
392 0.10
393 0.88
394 0.12
395 0.29
396 0.10
397 0.19
398 0.37
399 0.21
400 0.11
401 0.22
402 0.14
403 0.27
404 0.27
405 0.21
406 0.05
407 0.15
408 0.06
409 0.07
410 0.26
411 0.46
412 0.44
413 0.24
414 0.30
415 0.07
416 0.27
417 0.07
418 0.26
419 0.23
420 0.13
421 0.37
422 0.36
423 0.51
424 0.26
425 0.25
426 0.13
427 0.15
428 0.53
429 0.14
430 0.23
431 0.20
432 0.43
433 0.23
434 0.31
435 0.38
436 0.19
437 0.67
438 0.29
439 0.20
440 0.54
441 0.48
442 0.18
443 0.28
444 0.41
445 0.41
446 0.12
447 0.25
448 0.07
449 0.21
450 0.19
451 0.39
452 0.12
453 0.89
454 0.33
455 0.26
456 0.93
457 0.22
458 0.19
459 0.07
460 0.56
461 0.09
462 0.14
463 0.20
464 0.20
465 0.14
466 0.68
467 0.18
468 0.29
469 0.30
470 0.22
471 0.10
472 0.21
473 0.11
474 0.63
475 0.62
476 0.22
477 0.48
478 0.76
479 0.13
480 0.28
481 0.69
482 0.11
483 0.25
484 0.27
485 0.13
486 0.70
487 0.24
488 0.11
489 0.14
490 0.11
491 0.35
492 0.09
493 0.16
494 0.22
495 0.43
496 0.14
497 0.15
498 0.16
499 0.20
500 0.09
501 0.43
502 0.46
503 0.23
504 0.17
505 0.73
506 0.49
507 0.33
508 0.41
509 0.34
510 0.50
511 0.28
512 0.11
513 0.31
514 0.17
515 0.98
516 0.14
517 0.34
518 0.07
519 0.12
520 0.34
521 0.32
522 0.07
523 0.11
524 0.10
525 0.13
526 0.10
527 0.13
528 0.32
529 0.22
530 0.14
531 0.09
532 0.05
533 0.08
534 0.25
535 0.30
536 0.22
537 0.42
538 0.26
539 0.43
540 0.07
541 0.14
542 0.05
543 0.37
544 0.22
545 0.23
546 0.09
547 0.24
548 0.26
549 0.32
550 0.14
551 0.11
552 0.30
553 0.28
554 0.29
555 0.23
556 0.08
557 0.22
558 0.52
559 0.26
560 0.03
561 0.39
562 0.13
563 0.11
564 0.18
565 0.13
566 0.06
567 0.25
568 0.09
569 0.81
570 0.79
571 0.24
572 0.62
573 0.19
574 0.33
575 0.17
576 0.23
577 0.19
578 0.23
579 0.24
580 0.12
581 0.20
582 0.13
583 0.20
584 0.66
585 0.31
586 0.24
587 0.18
588 0.35
589 0.47
590 0.08
591 0.20
592 0.28
593 0.29
594 0.15
595 0.46
596 0.57
597 0.37
598 0.07
599 0.14
600 0.47
601 0.38
602 0.16
603 0.70
604 0.13
605 0.40
606 0.56
607 0.61
608 0.10
609 0.16
610 0.18
611 0.06
612 0.14
613 0.16
614 0.09
615 0.21
616 0.22
617 0.18
618 0.15
619 0.46
620 0.31
621 0.11
622 0.21
623 0.36
624 0.19
625 0.19
626 0.10
627 0.11
628 0.18
629 0.79
630 0.38
631 0.03
632 0.23
633 0.25
634 0.19
635 0.55
636 0.22
637 0.37
638 0.13
639 0.08
640 0.14
641 0.25
642 0.12
643 0.18
644 0.17
645 0.14
646 0.08
647 0.55
648 0.12
649 0.14
650 0.35
651 0.59
652 0.11
653 0.18
654 0.21
655 0.18
656 0.15
657 0.34
658 0.40
659 0.14
660 0.43
661 0.07
662 0.15
663 0.31
664 0.09
665 0.19
666 0.11
667 0.57
668 0.09
669 0.37
670 0.17
671 0.12
672 0.11
673 0.88
674 0.26
675 0.24
676 0.18
677 0.48
678 0.30
679 0.30
680 0.56
681 0.16
682 0.17
683 0.36
684 0.10
685 0.16
686 0.18
687 0.84
688 0.47
689 0.58
690 0.14
691 0.38
692 0.09
693 0.32
694 0.21
695 0.33
696 0.28
697 0.05
698 0.34
699 0.27
700 0.26
701 0.05
702 0.32
703 0.17
704 0.11
705 0.47
706 0.08
707 0.24
708 0.55
709 0.09
710 0.18
711 0.37
712 0.41
713 0.19
714 0.08
715 0.56
716 0.23
717 0.44
718 0.16
719 0.24
720 0.12
721 0.27
722 0.13
723 0.69
724 0.07
725 0.35
726 0.26
727 0.18
728 0.11
729 0.22
730 0.31
731 0.19
732 0.26
733 0.14
734 0.11
735 0.55
736 0.11
737 0.20
738 0.11
739 0.08
740 0.29
741 0.39
742 0.16
743 0.24
744 0.11
745 0.23
746 0.63
747 0.38
748 0.09
749 0.25
750 0.17
751 0.09
752 0.98
753 0.33
754 0.50
755 0.24
756 0.15
757 0.12
758 0.39
759 0.17
760 0.13
761 0.49
762 0.49
763 0.11
764 0.22
765 0.28
766 0.21
767 0.17
768 0.34
769 0.15
770 0.10
771 0.86
772 0.26
773 0.07
774 0.17
775 0.15
776 0.27
777 0.41
778 0.27
779 0.24
780 0.06
781 0.13
782 0.17
783 0.07
784 0.16
785 0.05
786 0.06
787 0.39
788 0.18
789 0.31
790 0.11
791 0.70
792 0.18
793 0.80
794 0.15
795 0.67
796 0.19
797 0.40
798 0.24
799 0.21
800 0.46
801 0.21
802 0.33
803 0.07
804 0.15
805 0.39
806 0.21
807 0.15
808 0.10
809 0.90
810 0.51
811 0.58
812 0.38
813 0.20
814 0.31
815 0.08
816 0.31
817 0.47
818 0.03
819 0.85
820 0.27
821 0.20
822 0.17
823 0.13
824 0.31
825 0.63
826 0.08
827 0.35
828 0.46
829 0.19
830 0.09
831 0.20
832 0.33
833 0.27
834 0.11
835 0.23
836 0.47
837 0.25
838 0.43
839 0.31
840 0.21
841 0.10
842 0.23
843 0.24
844 0.41
845 0.19
846 0.03
847 0.60
848 1.03
849 0.34
850 0.21
851 0.11
852 0.16
853 0.14
854 0.35
855 0.22
856 0.05
857 0.14
858 0.22
859 0.50
860 0.19
861 0.85
862 0.17
863 0.26
864 0.13
865 0.23
866 0.16
867 0.36
868 0.44
869 0.21
870 0.29
871 0.38
872 0.13
873 0.08
874 0.14
875 0.23
876 0.19
877 0.28
878 0.33
879 0.50
880 0.52
881 0.25
882 0.54
883 0.39
884 0.40
885 0.29
886 0.12
887 0.41
888 0.12
889 0.39
890 1.58
891 0.38
892 0.30
893 0.20
894 0.26
895 0.10
896 0.19
897 0.14
898 0.44
899 0.13
900 0.61
901 0.41
902 0.41
903 0.48
904 0.14
905 0.54
906 0.25
907 0.27
908 0.15
909 0.14
910 0.32
911 0.17
912 0.05
913 0.22
914 0.73
915 0.19
916 0.15
917 0.21
918 0.05
919 0.44
920 0.11
921 0.18
922 0.11
923 0.22
924 0.43
925 0.13
926 0.13
927 0.36
928 0.18
929 0.10
930 0.17
931 0.14
932 0.24
933 0.33
934 0.24
935 0.37
936 0.37
937 0.28
938 0.78
939 0.98
940 0.38
941 0.22
942 0.10
943 0.13
944 0.58
945 0.14
946 0.48
947 0.39
948 0.09
949 0.09
950 0.29
951 0.09
952 0.29
953 0.10
954 0.18
955 0.05
956 0.95
957 0.20
958 0.24
959 0.20
960 0.28
961 0.15
962 0.34
963 0.10
964 0.17
965 0.13
966 0.18
967 0.48
968 0.12
969 0.12
970 0.44
971 0.25
972 0.29
973 0.16
974 0.28
975 0.20
976 0.12
977 0.12
978 0.09
979 0.37
980 0.35
981 0.46
982 0.05
983 0.13
984 0.07
985 0.13
986 0.09
987 0.51
988 0.31
989 0.24
990 0.08
991 0.52
992 0.17
993 0.09
994 0.27
995 0.25
996 0.60
997 0.29
998 0.43
999 0.11
1000 0.48
1001 0.14
1002 0.32
1003 0.21
1004 0.09
1005 0.07
1006 0.23
1007 0.06
1008 0.74
1009 0.11
1010 0.42
1011 0.20
1012 0.22
1013 0.38
1014 0.29
1015 0.22
1016 0.25
1017 0.28
1018 0.80
1019 0.36
1020 0.38
1021 0.14
1022 0.24
1023 0.73
1024 0.18
1025 0.23
1026 0.18
1027 0.35
1028 0.30
1029 0.77
1030 0.12
1031 0.09
1032 0.15
1033 0.24
1034 0.29
1035 0.68
1036 0.17
1037 0.06
1038 0.12
1039 0.59
1040 0.16
1041 0.82
1042 0.32
1043 0.10
1044 0.23
1045 0.12
1046 0.06
1047 0.26
1048 0.03
1049 0.52
1050 0.05
1051 0.37
1052 0.07
1053 0.21
1054 0.41
1055 0.34
1056 0.14
1057 0.16
1058 0.28
1059 0.21
1060 0.33
1061 0.19
1062 0.42
1063 0.14
1064 0.48
1065 0.12
1066 0.43
1067 0.48
1068 0.03
1069 0.13
1070 0.12
1071 0.05
1072 0.26
1073 0.14
1074 0.09
1075 0.09
1076 0.16
1077 0.53
1078 0.06
1079 0.73
1080 0.10
1081 0.04
1082 0.28
1083 0.17
1084 0.21
1085 0.43
1086 0.10
1087 0.21
1088 0.45
1089 0.32
1090 0.13
1091 0.51
1092 0.80
1093 0.53
1094 0.06
1095 0.17
1096 0.56
1097 0.20
1098 0.09
1099 0.24
1100 0.26
1101 0.08
1102 0.16
1103 0.31
1104 0.18
1105 0.25
1106 0.08
1107 0.55
1108 0.18
1109 0.20
1110 0.24
1111 0.14
1112 0.09
1113 0.20
1114 0.23
1115 0.20
1116 0.26
1117 0.27
1118 0.17
1119 0.27
1120 0.13
1121 0.63
1122 0.14
1123 0.26
1124 0.31
1125 0.54
1126 0.60
1127 0.16
1128 0.24
1129 0.08
1130 0.24
1131 0.31
1132 0.28
1133 0.12
1134 0.05
1135 0.28
1136 0.22
1137 0.18
1138 0.52
1139 0.40
1140 0.20
1141 0.07
1142 0.19
1143 0.10
1144 0.16
1145 0.39
1146 0.09
1147 0.30
1148 0.09
1149 0.40
1150 0.06
1151 0.15
1152 0.15
1153 0.37
1154 0.19
1155 0.27
1156 0.29
1157 0.30
1158 0.16
1159 0.14
1160 0.10
1161 0.16
1162 0.20
1163 0.42
1164 0.32
1165 0.19
1166 0.11
1167 0.47
1168 0.30
1169 0.11
1170 0.39
1171 0.25
1172 0.10
1173 0.13
1174 0.24
1175 0.55
1176 0.10
1177 0.28
1178 0.52
1179 0.28
1180 0.15
1181 0.28
1182 0.45
1183 0.72
1184 0.25
1185 0.32
1186 0.18
1187 0.40
1188 0.11
1189 0.36
1190 0.43
1191 0.14
1192 0.43
1193 0.03
1194 0.46
1195 0.25
1196 0.10
1197 0.21
1198 0.47
1199 0.12
1200 0.69
1201 0.17
1202 0.38
1203 0.21
1204 0.11
1205 0.67
1206 0.14
1207 0.09
1208 0.13
1209 0.59
1210 0.12
1211 0.12
1212 0.25
1213 0.38
1214 0.28
1215 0.34
1216 0.12
1217 0.43
1218 0.19
1219 0.14
1220 0.34
1221 0.10
1222 0.23
1223 0.25
1224 0.34
1225 0.23
1226 0.20
1227 0.10
1228 0.42
1229 0.25
1230 0.26
1231 0.22
1232 0.04
1233 0.35
1234 0.24
1235 0.61
1236 0.15
1237 0.09
1238 0.31
1239 0.74
1240 0.22
1241 0.11
1242 0.48
1243 0.69
1244 0.45
1245 0.09
1246 0.14
1247 0.12
1248 0.11
1249 0.20
1250 0.26
1251 0.06
1252 0.21
1253 0.15
1254 0.09
1255 0.58
1256 0.30
1257 0.11
1258 0.22
1259 0.08
1260 0.28
1261 0.72
1262 0.09
1263 0.58
1264 0.37
1265 0.38
1266 0.57
1267 0.14
1268 0.89
1269 0.15
1270 0.21
1271 0.04
1272 0.57
1273 0.08
1274 0.31
1275 0.09
1276 0.05
1277 0.16
1278 0.17
1279 0.15
1280 0.89
1281 0.30
1282 0.51
1283 0.22
1284 0.17
1285 0.13
1286 0.35
1287 0.88
1288 0.24
1289 0.06
1290 0.48
1291 0.15
1292 0.20
1293 0.46
1294 0.06
1295 0.17
1296 0.15
1297 0.34
1298 0.18
1299 0.20
1300 0.09
1301 0.34
1302 0.24
1303 0.06
1304 0.24
1305 0.64
1306 0.08
1307 0.30
1308 0.30
1309 0.19
1310 0.18
1311 0.38
1312 0.09
1313 0.29
1314 0.07
1315 0.41
1316 0.15
1317 0.26
1318 0.13
1319 0.23
1320 0.05
1321 0.20
1322 0.05
1323 0.12
1324 0.31
1325 0.10
1326 0.17
1327 0.22
1328 0.23
1329 0.28
1330 0.57
1331 0.21
1332 1.13
1333 0.38
1334 0.37
1335 0.18
1336 0.12
1337 0.66
1338 0.14
1339 0.17
1340 0.14
1341 0.13
1342 0.64
1343 0.14
1344 0.77
1345 0.15
1346 0.36
1347 0.08
1348 0.14
1349 0.52
1350 0.09
1351 0.19
1352 0.29
1353 0.33
1354 0.16
1355 0.15
1356 0.15
1357 0.30
1358 0.17
1359 0.68
1360 0.11
1361 0.04
1362 0.10
1363 0.56
1364 0.37
1365 0.38
1366 0.27
1367 0.39
1368 0.46
1369 0.38
1370 0.15
1371 0.31
1372 0.11
1373 0.04
1374 0.13
1375 0.17
1376 0.58
1377 0.27
1378 0.38
1379 0.20
1380 0.06
1381 0.10
1382 0.06
1383 0.57
1384 0.14
1385 0.12
1386 0.36
1387 0.53
1388 0.21
1389 0.37
1390 0.14
1391 0.21
1392 0.43
1393 0.52
1394 0.19
1395 0.21
1396 0.35
1397 0.53
1398 0.15
1399 0.31
1400 0.41
1401 0.04
1402 0.18
1403 0.28
1404 0.11
1405 0.46
1406 0.55
1407 0.17
1408 0.30
1409 0.42
1410 0.19
1411 0.51
1412 0.73
1413 0.14
1414 0.26
1415 0.06
1416 0.20
1417 0.27
1418 0.19
1419 0.06
1420 0.14
1421 0.26
1422 0.14
1423 0.47
1424 0.15
1425 0.05
1426 0.09
1427 0.21
1428 0.31
1429 1.03
1430 0.26
1431 0.07
1432 0.14
1433 0.54
1434 0.08
1435 0.15
1436 0.09
1437 0.49
1438 0.15
1439 0.09
1440 0.08
1441 0.65
1442 0.13
1443 0.28
1444 0.18
1445 0.16
1446 0.13
1447 0.12
1448 0.33
1449 0.30
1450 0.29
1451 0.50
1452 0.11
1453 0.50
1454 0.44
1455 0.15
1456 0.13
1457 0.76
1458 0.94
1459 0.21
1460 0.34
1461 0.31
1462 0.18
1463 0.32
1464 0.16
1465 0.18
1466 0.14
1467 0.58
1468 0.17
1469 0.22
1470 0.36
1471 1.04
1472 0.67
1473 0.10
1474 0.05
1475 0.06
1476 0.19
1477 0.31
1478 0.18
1479 0.09
1480 0.18
1481 0.19
1482 0.11
1483 0.04
1484 0.46
1485 0.18
1486 0.24
1487 0.14
1488 0.18
1489 0.46
1490 0.20
1491 0.14
1492 0.14
1493 0.87
1494 1.29
1495 0.23
1496 0.58
1497 0.33
1498 0.08
1499 0.67
1500 0.66
1501 0.17
1502 0.11
1503 0.28
1504 0.40
1505 0.36
1506 0.05
1507 0.08
1508 0.12
1509 0.29
1510 0.19
1511 0.26
1512 0.05
1513 0.11
1514 0.44
1515 0.20
1516 0.11
1517 0.07
1518 0.21
1519 0.12
1520 0.10
1521 0.11
1522 0.34
1523 0.12
1524 0.31
1525 0.43
1526 0.09
1527 0.22
1528 0.45
1529 0.16
1530 0.59
1531 0.67
1532 0.04
1533 0.14
1534 0.26
1535 0.17
1536 0.19
1537 0.25
1538 0.20
1539 0.17
1540 1.90
1541 0.56
1542 0.11
1543 0.12
1544 0.42
1545 0.13
1546 0.05
1547 0.73
1548 0.20
1549 0.20
1550 0.30
1551 0.13
1552 0.11
1553 0.19
1554 0.18
1555 0.58
1556 0.32
1557 0.19
1558 0.06
1559 0.13
1560 0.14
1561 0.27
1562 0.78
1563 0.32
1564 0.47
1565 0.10
1566 0.49
1567 0.50
1568 0.32
1569 0.16
1570 0.27
1571 0.12
1572 0.31
1573 0.62
1574 0.15
1575 0.12
1576 0.26
1577 0.18
1578 0.25
1579 0.21
1580 0.35
1581 0.22
1582 0.34
1583 0.12
1584 0.20
1585 0.19
1586 0.12
1587 0.77
1588 0.17
1589 0.28
1590 0.26
1591 0.09
1592 0.10
1593 0.74
1594 0.51
1595 0.31
1596 0.35
1597 0.36
1598 0.18
1599 0.15
1600 0.46
1601 0.20
1602 0.18
1603 0.11
1604 1.00
1605 0.46
1606 0.17
1607 0.13
1608 0.12
1609 0.18
1610 0.07
1611 0.23
1612 0.28
1613 0.28
1614 0.27
1615 0.18
1616 0.06
1617 0.12
1618 0.14
1619 0.51
1620 0.13
1621 0.17
1622 0.19
1623 0.11
1624 0.52
1625 0.28
1626 0.18
1627 0.14
1628 0.19
1629 0.42
1630 0.25
1631 0.11
1632 0.24
1633 0.52
1634 0.46
1635 0.15
1636 0.11
1637 0.07
1638 0.22
1639 0.18
1640 0.35
1641 0.10
1642 0.24
1643 0.06
1644 0.11
1645 0.06
1646 0.11
1647 0.12
1648 0.12
1649 0.07
1650 0.24
1651 0.20
1652 0.08
1653 0.14
1654 0.22
1655 0.32
1656 0.18
1657 0.22
1658 0.80
1659 0.31
1660 0.33
1661 0.08
1662 0.18
1663 0.25
1664 0.12
1665 0.09
1666 0.27
1667 0.12
1668 0.23
1669 0.42
1670 0.13
1671 0.27
1672 0.26
1673 0.19
1674 0.14
1675 0.57
1676 0.19
1677 0.22
1678 0.19
1679 0.10
1680 0.28
1681 0.06
1682 0.26
1683 0.20
1684 0.11
1685 0.26
1686 0.27
1687 0.14
1688 0.13
1689 0.32
1690 0.09
1691 0.21
1692 0.26
1693 0.27
1694 0.19
1695 0.11
1696 0.11
1697 0.20
1698 0.31
1699 0.12
1700 0.10
1701 0.37
1702 0.13
1703 0.06
1704 0.08
1705 0.20
1706 0.17
1707 0.18
1708 0.38
1709 0.65
1710 0.30
1711 0.26
1712 0.14
1713 0.16
1714 0.40
1715 0.26
1716 1.34
1717 0.21
1718 1.01
1719 0.10
1720 0.06
1721 0.45
1722 0.09
1723 0.20
1724 0.61
1725 0.12
1726 0.08
1727 0.14
1728 0.14
1729 0.14
1730 0.56
1731 0.61
1732 0.62
1733 0.52
1734 0.13
1735 0.33
1736 0.15
1737 0.24
1738 0.05
1739 0.17
1740 0.59
1741 0.37
1742 0.58
1743 0.31
1744 0.58
1745 0.16
1746 0.05
1747 0.20
1748 0.19
1749 0.14
1750 0.12
1751 0.68
1752 0.32
1753 0.26
1754 0.11
1755 0.12
1756 0.38
1757 0.08
1758 0.50
1759 0.10
1760 0.11
1761 0.16
1762 0.16
1763 0.10
1764 0.14
1765 0.22
1766 0.50
1767 0.16
1768 0.41
1769 0.10
1770 0.23
1771 0.13
1772 0.20
1773 0.09
1774 0.15
1775 0.41
1776 0.65
1777 0.10
1778 0.42
1779 0.72
1780 0.20
1781 0.14
1782 0.12
1783 0.75
1784 0.23
1785 0.36
1786 0.12
1787 0.14
1788 0.19
1789 0.04
1790 0.34
1791 0.14
1792 0.14
1793 0.14
1794 0.07
1795 0.19
1796 0.31
1797 0.28
1798 0.51
1799 0.18
1800 0.24
1801 0.21
1802 0.36
1803 0.28
1804 0.10
1805 0.22
1806 0.11
1807 0.20
1808 0.37
1809 0.45
1810 0.06
1811 0.67
1812 0.49
1813 0.17
1814 0.39
1815 0.11
1816 0.81
1817 0.20
1818 0.63
1819 0.97
1820 0.10
1821 0.18
1822 0.32
1823 0.51
1824 0.10
1825 0.15
1826 0.20
1827 0.24
1828 0.12
1829 0.20
1830 0.04
1831 0.39
1832 0.09
1833 0.24
1834 0.11
1835 0.14
1836 0.86
1837 0.15
1838 0.16
1839 0.10
1840 0.18
1841 0.65
1842 0.64
1843 0.08
1844 0.10
1845 0.46
1846 0.23
1847 0.19
1848 0.80
1849 0.78
1850 0.46
1851 0.31
1852 0.46
1853 0.12
1854 0.27
1855 0.19
1856 0.15
1857 0.19
1858 0.37
1859 0.06
1860 0.19
1861 0.29
1862 0.11
1863 0.12
1864 0.20
1865 0.17
1866 0.30
1867 0.42
1868 0.19
1869 0.08
1870 0.40
1871 0.12
1872 0.47
1873 0.08
1874 0.09
1875 0.50
1876 0.26
1877 0.15
1878 0.34
1879 0.51
1880 0.03
1881 0.18
1882 0.14
1883 0.12
1884 0.04
1885 0.58
1886 0.29
1887 0.13
1888 0.52
1889 0.04
1890 0.12
1891 0.62
1892 0.33
1893 0.09
1894 0.21
1895 0.21
1896 0.19
1897 0.72
1898 0.16
1899 0.12
1900 0.07
1901 0.15
1902 0.41
1903 0.51
1904 0.12
1905 0.16
1906 0.31
1907 0.62
1908 0.29
1909 0.62
1910 0.22
1911 0.23
1912 0.18
1913 0.35
1914 0.50
1915 0.11
1916 0.62
1917 0.19
1918 0.10
1919 0.12
1920 0.35
1921 0.62
1922 0.10
1923 0.16
1924 0.60
1925 0.77
1926 0.40
1927 0.32
1928 0.13
1929 0.10
1930 0.24
1931 0.64
1932 0.38
1933 0.20
1934 0.14
1935 0.12
1936 0.53
1937 0.27
1938 0.04
1939 0.17
1940 0.64
1941 0.21
1942 0.38
1943 0.05
1944 0.87
1945 0.12
1946 0.13
1947 0.27
1948 0.15
1949 0.21
1950 0.10
1951 0.11
1952 0.49
1953 0.25
1954 0.18
1955 0.43
1956 0.12
1957 0.15
1958 0.22
1959 0.31
1960 0.16
1961 0.68
1962 0.09
1963 0.92
1964 0.35
1965 0.28
1966 0.39
1967 0.15
1968 0.07
1969 0.10
1970 0.34
1971 0.18
1972 0.09
1973 0.25
1974 0.36
1975 0.04
1976 0.46
1977 0.09
1978 0.11
1979 0.13
1980 0.19
1981 0.11
1982 0.23
1983 0.13
1984 0.34
1985 0.24
1986 0.34
1987 0.09
1988 0.23
1989 0.24
1990 0.07
1991 0.35
1992 0.10
1993 0.12
1994 0.25
1995 0.46
1996 0.23
1997 0.13
1998 0.18
1999 0.21
2000 0.56
2001 0.14
2002 0.20
2003 0.10
2004 0.11
2005 0.19
2006 0.44
2007 0.07
2008 0.56
2009 0.15
2010 0.10
2011 0.20
2012 0.24
2013 0.06
2014 0.13
2015 0.10
2016 0.14
2017 0.13
2018 0.09
2019 0.10
2020 0.45
2021 0.16
2022 1.16
2023 0.23
2024 0.25
2025 0.25
2026 0.18
2027 0.21
2028 0.36
2029 0.28
2030 0.25
2031 0.23
2032 0.19
2033 0.25
2034 0.13
2035 0.11
2036 0.09
2037 0.13
2038 0.22
2039 0.70
2040 0.53
2041 0.10
2042 0.17
2043 0.13
2044 0.18
2045 0.12
2046 0.36
2047 0.18
2048 0.26
2049 0.36
2050 0.15
2051 0.69
2052 0.46
2053 0.15
2054 0.16
2055 0.60
2056 0.12
2057 0.10
2058 0.66
2059 0.18
2060 0.32
2061 0.21
2062 0.43
2063 1.08
2064 0.05
2065 0.13
2066 0.33
2067 0.05
2068 0.11
2069 0.18
2070 0.24
2071 0.22
2072 0.15
2073 0.61
2074 0.07
2075 0.26
2076 0.12
2077 0.14
2078 0.27
2079 0.82
2080 0.14
2081 0.20
2082 0.20
2083 0.23
2084 0.39
2085 0.06
2086 0.47
2087 0.34
2088 0.36
2089 0.16
2090 0.31
2091 0.07
2092 0.18
2093 0.74
2094 0.27
2095 0.44
2096 0.11
2097 0.16
2098 0.35
2099 0.17
2100 0.09
2101 0.09
2102 0.17
2103 0.22
2104 0.46
2105 0.21
2106 0.38
2107 0.11
2108 0.12
2109 0.19
2110 0.29
2111 0.18
2112 0.26
2113 0.25
2114 0.07
2115 0.39
2116 0.37
2117 0.71
2118 0.07
2119 0.12
2120 0.12
2121 0.12
2122 0.11
2123 0.27
2124 0.54
2125 0.11
2126 0.46
2127 0.40
2128 0.15
2129 0.21
2130 0.13
2131 0.26
2132 0.12
2133 0.19
2134 0.16
2135 0.11
2136 0.34
2137 0.51
2138 0.26
2139 0.05
2140 0.31
2141 0.07
2142 0.16
2143 0.26
2144 0.14
2145 0.49
2146 0.40
2147 0.10
2148 0.19
2149 0.11
2150 0.20
2151 0.25
2152 0.42
2153 0.38
2154 0.26
2155 0.17
2156 0.04
2157 0.47
2158 0.10
2159 0.62
2160 0.42
2161 0.07
2162 0.20
2163 0.12
2164 0.13
2165 0.47
2166 0.25
2167 0.17
2168 0.12
2169 0.33
2170 0.10
2171 0.20
2172 0.09
2173 0.21
2174 0.28
2175 0.22
2176 0.10
2177 0.26
2178 0.35
2179 0.13
2180 0.53
2181 0.35
2182 0.31
2183 0.62
2184 0.10
2185 0.28
2186 0.17
2187 0.25
2188 0.58
2189 0.20
2190 0.03
2191 0.24
2192 0.16
2193 0.17
2194 0.18
2195 0.84
2196 0.53
2197 0.19
2198 0.46
2199 0.11
2200 0.19
2201 0.12
2202 0.13
2203 0.28
2204 0.29
2205 0.06
2206 0.07
2207 0.15
2208 0.32
2209 0.68
2210 0.17
2211 0.21
2212 0.15
2213 0.31
2214 0.16
2215 0.49
2216 0.71
2217 0.15
2218 0.23
2219 0.18
2220 0.05
2221 0.05
2222 0.28
2223 0.09
2224 0.54
2225 0.15
2226 0.21
2227 0.19
2228 0.23
2229 0.04
2230 0.56
2231 0.09
2232 0.09
2233 0.11
2234 0.06
2235 0.03
2236 0.11
2237 0.11
2238 0.19
2239 0.84
2240 0.26
2241 0.09
2242 0.14
2243 0.35
2244 0.38
2245 0.07
2246 0.16
2247 0.24
2248 0.19
2249 0.14
2250 0.17
2251 0.81
2252 0.25
2253 0.17
2254 0.30
2255 0.52
2256 0.22
2257 0.07
2258 0.16
2259 0.22
2260 0.15
2261 0.33
2262 0.10
2263 0.12
2264 0.30
2265 0.23
2266 0.28
2267 0.45
2268 0.23
2269 0.53
2270 0.36
2271 0.05
2272 0.13
2273 0.07
2274 0.86
2275 0.23
2276 0.09
2277 0.14
2278 0.12
2279 0.20
2280 0.25
2281 0.17
2282 0.11
2283 0.14
2284 0.39
2285 0.11
2286 0.10
2287 0.25
2288 0.23
2289 0.10
2290 0.42
2291 0.11
2292 0.67
2293 0.29
2294 0.35
2295 0.13
2296 0.15
2297 0.55
2298 0.14
2299 0.46
2300 0.13
2301 0.33
2302 0.14
2303 0.08
2304 0.19
2305 0.34
2306 0.18
2307 0.05
2308 0.23
2309 0.11
2310 0.11
2311 0.55
2312 0.24
2313 0.14
2314 0.38
2315 0.15
2316 0.09
2317 0.33
2318 0.07
2319 0.39
2320 0.11
2321 0.05
2322 0.21
2323 0.18
2324 0.58
2325 0.13
2326 0.47
2327 0.19
2328 0.46
2329 0.45
2330 0.60
2331 0.22
2332 0.65
2333 0.22
2334 0.25
2335 0.23
2336 0.19
2337 0.17
2338 0.14
2339 0.14
2340 0.08
2341 0.23
2342 0.39
2343 0.28
2344 0.68
2345 0.46
2346 0.14
2347 0.09
2348 0.48
2349 0.39
2350 0.13
2351 0.13
2352 0.20
2353 0.34
2354 0.58
2355 0.56
2356 0.10
2357 0.08
2358 0.18
2359 0.67
2360 0.26
2361 0.17
2362 0.49
2363 0.23
2364 0.14
2365 0.24
2366 0.27
2367 0.12
2368 0.27
2369 0.26
2370 0.05
2371 0.19
2372 0.36
2373 0.72
2374 0.23
2375 0.04
2376 0.10
2377 0.12
2378 0.47
2379 0.52
2380 0.07
2381 0.22
2382 0.08
2383 0.14
2384 0.26
2385 0.15
2386 0.13
2387 0.08
2388 0.31
2389 0.07
2390 0.80
2391 0.27
2392 0.33
2393 0.11
2394 0.15
2395 0.50
2396 0.21
2397 0.06
2398 0.12
2399 0.16
2400 0.44
2401 0.31
2402 0.52
2403 0.17
2404 0.05
2405 0.30
2406 0.22
2407 0.05
2408 0.09
2409 0.12
2410 0.09
2411 0.14
2412 0.18
2413 0.12
2414 0.05
2415 0.57
2416 0.29
2417 0.17
2418 0.04
2419 0.18
2420 0.32
2421 0.05
2422 0.13
2423 0.10
2424 0.12
2425 0.27
2426 0.14
2427 0.55
2428 0.48
2429 0.27
2430 0.28
2431 0.24
2432 0.62
2433 0.91
2434 0.12
2435 0.14
2436 0.19
2437 0.11
2438 0.79
2439 0.22
2440 0.16
2441 0.04
2442 0.87
2443 0.11
2444 0.12
2445 0.13
2446 0.22
2447 0.68
2448 0.13
2449 0.08
2450 0.35
2451 0.34
2452 0.43
2453 0.28
2454 0.31
2455 0.89
2456 0.10
2457 0.39
2458 0.25
2459 0.11
2460 0.09
2461 0.12
2462 0.28
2463 0.46
2464 0.13
2465 0.30
2466 0.31
2467 0.27
2468 0.03
2469 0.32
2470 0.29
2471 0.12
2472 0.39
2473 0.29
2474 0.59
2475 0.24
2476 0.17
2477 0.05
2478 0.19
2479 0.06
2480 0.40
2481 0.22
2482 0.42
2483 0.76
2484 0.51
2485 0.42
2486 0.14
2487 0.36
2488 0.13
2489 0.05
2490 0.14
2491 0.13
2492 0.16
2493 0.24
2494 0.41
2495 0.10
2496 0.07
2497 0.19
2498 0.14
2499 0.09
2500 0.31
2501 0.37
2502 0.12
2503 0.20
2504 0.12
2505 0.10
2506 0.52
2507 0.12
2508 0.24
2509 0.16
2510 0.14
2511 0.21
2512 0.14
2513 0.07
2514 0.16
2515 0.32
2516 0.20
2517 0.61
2518 0.81
2519 0.73
2520 0.19
2521 0.35
2522 0.09
2523 0.22
2524 0.20
2525 0.36
2526 0.39
2527 0.11
2528 0.39
2529 0.17
2530 0.12
2531 0.21
2532 0.18
2533 0.14
2534 0.07
2535 0.12
2536 0.13
2537 0.23
2538 0.15
2539 0.27
2540 0.13
2541 0.33
2542 0.09
2543 0.10
2544 0.90
2545 0.15
2546 0.16
2547 0.05
2548 0.08
2549 0.23
2550 0.71
2551 0.23
2552 0.09
2553 0.29
2554 0.39
2555 0.05
2556 0.43
2557 0.33
2558 0.25
2559 0.10
2560 0.21
2561 0.27
2562 0.29
2563 0.12
2564 0.39
2565 0.33
2566 0.10
2567 0.24
2568 0.58
2569 0.43
2570 0.24
2571 0.23
2572 0.23
2573 0.40
2574 0.49
2575 0.06
2576 0.17
2577 0.36
2578 0.09
2579 0.07
2580 0.11
2581 0.80
2582 0.17
2583 0.14
2584 0.29
2585 0.14
2586 0.15
2587 0.22
2588 0.17
2589 0.51
2590 0.17
2591 0.15
2592 0.11
2593 0.59
2594 0.05
2595 0.18
2596 0.11
2597 0.07
2598 0.25
2599 0.25
2600 0.08
2601 0.33
2602 1.04
2603 0.20
2604 0.08
2605 0.74
2606 0.07
2607 0.14
2608 0.41
2609 0.24
2610 0.17
2611 0.23
2612 0.75
2613 0.14
2614 0.43
2615 0.33
2616 0.22
2617 0.12
2618 0.13
2619 0.21
2620 0.44
2621 0.24
2622 0.14
2623 0.69
2624 0.32
2625 0.39
2626 0.08
2627 0.47
2628 0.62
2629 0.39
2630 0.12
2631 0.17
2632 0.09
2633 0.46
2634 0.05
2635 0.13
2636 0.44
2637 0.15
2638 0.44
2639 0.24
2640 0.32
2641 0.38
2642 0.67
2643 0.18
2644 0.31
2645 0.18
2646 0.28
2647 0.18
2648 0.18
2649 0.11
2650 0.46
2651 0.42
2652 0.34
2653 0.11
2654 0.16
2655 0.43
2656 0.15
2657 0.10
2658 0.50
2659 0.33
2660 0.10
2661 0.19
2662 0.43
2663 0.10
2664 0.11
2665 0.42
2666 0.17
2667 0.09
2668 0.43
2669 0.37
2670 0.62
2671 0.14
2672 0.18
2673 0.73
2674 0.64
2675 0.20
2676 0.46
2677 0.21
2678 0.90
2679 0.57
2680 0.22
2681 0.16
2682 0.16
2683 0.29
2684 0.14
2685 0.13
2686 0.17
2687 0.21
2688 0.43
2689 0.63
2690 0.23
2691 0.09
2692 0.29
2693 0.14
2694 0.15
2695 0.12
2696 0.09
2697 0.15
2698 0.11
2699 0.20
2700 0.40
2701 0.21
2702 0.06
2703 0.12
2704 0.15
2705 0.12
2706 0.20
2707 0.36
2708 0.54
2709 0.05
2710 0.68
2711 0.22
2712 0.19
2713 0.10
2714 0.90
2715 0.07
2716 0.34
2717 0.11
2718 0.33
2719 0.16
2720 0.38
2721 1.04
2722 0.21
2723 0.07
2724 0.35
2725 0.10
2726 0.31
2727 0.51
2728 0.19
2729 0.72
2730 0.39
2731 0.13
2732 0.17
2733 0.62
2734 0.12
2735 0.12
2736 0.16
2737 0.08
2738 0.07
2739 0.09
2740 0.17
2741 0.22
2742 0.21
2743 0.60
2744 0.09
2745 0.27
2746 0.24
2747 0.34
2748 0.58
2749 0.40
2750 0.49
2751 0.20
2752 0.31
2753 0.09
2754 0.14
2755 0.16
2756 0.31
2757 0.40
2758 0.36
2759 0.52
2760 0.27
2761 0.17
2762 0.11
2763 0.32
2764 0.05
2765 0.42
2766 0.30
2767 0.90
2768 0.32
2769 0.24
2770 0.75
2771 0.26
2772 0.41
2773 0.14
2774 0.28
2775 0.13
2776 0.16
2777 0.21
2778 0.05
2779 0.57
2780 0.33
2781 0.08
2782 0.35
2783 0.06
2784 0.40
2785 0.06
2786 0.20
2787 0.61
2788 0.84
2789 0.12
2790 0.17
2791 0.06
2792 0.06
2793 0.13
2794 0.22
2795 0.10
2796 0.11
2797 0.26
2798 0.54
2799 0.79
2800 0.22
2801 0.09
2802 0.22
2803 0.34
2804 0.09
2805 0.13
2806 0.33
2807 0.12
2808 0.13
2809 0.10
2810 0.17
2811 0.31
2812 0.25
2813 0.24
2814 0.06
2815 0.15
2816 0.99
2817 0.39
2818 0.11
2819 0.49
2820 0.09
2821 0.28
2822 0.38
2823 0.18
2824 0.11
2825 0.09
2826 0.10
2827 0.09
2828 0.86
2829 0.12
2830 0.10
2831 0.07
2832 0.11
2833 0.14
2834 0.14
2835 0.20
2836 0.45
2837 0.11
2838 0.42
2839 0.28
2840 0.31
2841 0.06
2842 0.11
2843 0.28
2844 0.78
2845 0.02
2846 0.40
2847 0.36
2848 0.14
2849 0.13
2850 0.13
2851 0.21
2852 0.42
2853 0.09
2854 0.07
2855 0.06
2856 0.46
2857 0.33
2858 0.08
2859 0.18
2860 0.04
2861 0.46
2862 0.21
2863 0.63
2864 0.29
2865 0.10
2866 0.26
2867 0.14
2868 0.07
2869 0.05
2870 0.80
2871 0.07
2872 0.04
2873 0.13
2874 0.06
2875 0.13
2876 0.10
2877 0.13
2878 0.32
2879 0.32
2880 0.10
2881 0.14
2882 0.10
2883 0.79
2884 0.24
2885 0.10
2886 0.27
2887 0.18
2888 0.28
2889 0.08
2890 0.10
2891 0.11
2892 0.17
2893 0.20
2894 0.24
2895 0.37
2896 0.11
2897 0.63
2898 0.27
2899 0.20
2900 0.44
2901 0.18
2902 0.37
2903 0.17
2904 0.17
2905 0.13
2906 0.16
2907 0.64
2908 0.06
2909 0.18
2910 0.13
2911 0.11
2912 0.11
2913 0.64
2914 0.19
2915 0.15
2916 0.13
2917 0.17
2918 0.58
2919 0.16
2920 0.25
2921 0.13
2922 0.19
2923 0.23
2924 0.13
2925 0.22
2926 0.14
2927 0.52
2928 0.28
2929 0.15
2930 0.46
2931 0.42
2932 0.13
2933 0.13
2934 0.12
2935 0.17
2936 0.62
2937 0.09
2938 0.16
2939 0.19
2940 0.33
2941 0.11
2942 0.13
2943 0.20
2944 0.13
2945 0.50
2946 0.49
2947 0.35
2948 0.15
2949 0.17
2950 0.35
2951 0.12
2952 0.57
2953 0.04
2954 0.15
2955 0.34
2956 0.29
2957 0.18
2958 0.15
2959 0.22
2960 0.50
2961 0.08
2962 0.63
2963 0.20
2964 0.29
2965 0.20
2966 0.80
2967 0.15
2968 0.60
2969 0.26
2970 0.16
2971 0.40
2972 0.32
2973 0.11
2974 0.16
2975 0.23
2976 0.32
2977 0.10
2978 0.27
2979 0.16
2980 0.44
2981 0.10
2982 0.07
2983 0.17
2984 0.49
2985 0.14
2986 0.34
2987 0.13
2988 0.31
2989 0.06
2990 0.38
2991 0.05
2992 0.10
2993 0.16
2994 0.27
2995 0.09
2996 0.14
2997 0.12
2998 0.23
2999 0.71
3000 0.17
3001 0.33
3002 0.13
3003 0.37
3004 0.10
3005 0.37
3006 0.35
3007 0.13
3008 0.17
3009 0.64
3010 0.14
3011 0.28
3012 0.10
3013 0.25
3014 0.15
3015 0.11
3016 0.03
3017 0.12
3018 0.08
3019 0.24
3020 0.24
3021 0.66
3022 0.09
3023 0.66
3024 0.50
3025 0.91
3026 0.24
3027 0.11
3028 0.52
3029 0.27
3030 0.12
3031 0.24
3032 0.04
3033 0.62
3034 0.33
3035 0.18
3036 0.26
3037 0.34
3038 0.18
3039 0.35
3040 0.58
3041 0.10
3042 0.08
3043 0.17
3044 0.14
3045 0.15
3046 0.19
3047 0.60
3048 0.61
3049 0.22
3050 0.13
3051 0.24
3052 0.40
3053 0.12
3054 0.19
3055 0.27
3056 0.11
3057 0.22
3058 0.16
3059 0.39
3060 0.34
3061 0.18
3062 0.12
3063 0.05
3064 0.16
3065 0.21
3066 0.05
3067 0.13
3068 0.28
3069 0.57
3070 0.18
3071 0.70
3072 0.15
3073 0.32
3074 0.05
3075 0.33
3076 0.75
3077 0.21
3078 0.11
3079 0.56
3080 0.20
3081 0.31
3082 0.22
3083 0.57
3084 0.41
3085 0.18
3086 0.35
3087 0.10
3088 0.11
3089 0.44
3090 0.14
3091 0.03
3092 0.24
3093 0.32
3094 0.16
3095 0.17
3096 0.51
3097 0.33
3098 0.42
3099 0.17
3100 0.14
3101 0.59
3102 0.70
3103 0.19
3104 0.63
3105 0.41
3106 0.33
3107 0.21
3108 0.06
3109 1.01
3110 0.07
3111 0.22
3112 0.14
3113 0.59
3114 0.23
3115 0.07
3116 0.35
3117 0.09
3118 0.25
3119 0.31
3120 0.27
3121 0.18
3122 0.24
3123 0.26
3124 0.30
3125 0.42
3126 0.23
3127 0.26
3128 0.33
3129 0.32
3130 0.23
3131 0.37
3132 0.72
3133 0.22
3134 0.26
3135 0.08
3136 0.18
3137 0.09
3138 0.08
3139 0.41
3140 0.31
3141 0.28
3142 0.13
3143 0.16
3144 0.72
3145 0.31
3146 0.06
3147 0.17
3148 0.34
3149 0.17
3150 0.18
3151 0.08
3152 0.50
3153 0.07
3154 0.11
3155 0.16
3156 0.14
3157 0.28
3158 0.19
3159 1.14
3160 0.14
3161 0.26
3162 0.69
3163 0.13
3164 0.28
3165 0.12
3166 0.18
3167 0.20
3168 0.70
3169 0.23
3170 0.58
3171 0.08
3172 0.17
3173 0.28
3174 0.71
3175 0.13
3176 0.24
3177 0.14
3178 0.18
3179 0.37
3180 0.33
3181 0.21
3182 0.20
3183 0.38
3184 0.22
3185 0.61
3186 0.08
3187 0.11
3188 0.14
3189 0.36
3190 0.29
3191 0.11
3192 0.51
3193 0.22
3194 0.20
3195 0.04
3196 0.13
3197 0.31
3198 0.33
3199 1.28
3200 0.27
3201 0.94
3202 0.08
3203 0.20
3204 0.32
3205 0.48
3206 0.22
3207 0.62
3208 0.51
3209 0.14
3210 0.24
3211 0.31
3212 0.33
3213 0.45
3214 0.39
3215 0.70
3216 0.14
3217 0.06
3218 0.09
3219 0.15
3220 0.10
3221 0.10
3222 0.10
3223 0.38
3224 0.25
3225 0.38
3226 0.04
3227 0.34
3228 0.26
3229 0.10
3230 0.40
3231 0.15
3232 0.12
3233 0.26
3234 0.51
3235 0.50
3236 0.42
3237 0.21
3238 0.13
3239 0.17
3240 0.15
3241 0.10
3242 0.21
3243 0.10
3244 0.58
3245 0.19
3246 0.32
3247 0.22
3248 0.65
3249 0.19
3250 0.15
3251 0.14
3252 0.10
3253 0.38
3254 0.20
3255 0.32
3256 0.14
3257 0.40
3258 0.12
3259 0.16
3260 0.30
3261 0.16
3262 0.17
3263 0.19
3264 0.14
3265 0.26
3266 0.18
3267 0.81
3268 0.06
3269 0.33
3270 0.48
3271 0.56
3272 0.17
3273 0.44
3274 0.07
3275 0.40
3276 0.17
3277 0.15
3278 0.19
3279 0.22
3280 0.11
3281 0.78
3282 0.74
3283 0.08
3284 0.40
3285 0.39
3286 0.14
3287 0.06
3288 0.16
3289 0.21
3290 0.14
3291 0.50
3292 0.14
3293 0.13
3294 0.49
3295 0.40
3296 0.13
3297 0.13
3298 0.14
3299 0.11
3300 0.05
3301 0.33
3302 0.21
3303 0.33
3304 0.85
3305 0.14
3306 0.10
3307 0.25
3308 0.45
3309 0.14
3310 0.05
3311 0.08
3312 0.11
3313 0.06
3314 0.79
3315 0.37
3316 0.38
3317 0.15
3318 0.61
3319 0.23
3320 0.16
3321 0.21
3322 0.26
3323 0.74
3324 0.12
3325 0.10
3326 0.43
3327 0.24
3328 0.14
3329 0.15
3330 0.47
3331 0.18
3332 0.23
3333 0.15
3334 0.30
3335 0.14
3336 0.58
3337 0.18
3338 1.09
3339 0.09
3340 0.12
3341 0.07
3342 0.43
3343 0.26
3344 0.23
3345 0.43
3346 0.22
3347 0.24
3348 0.14
3349 0.28
3350 0.10
3351 0.10
3352 0.24
3353 0.18
3354 0.25
3355 0.08
3356 0.17
3357 0.25
3358 0.14
3359 0.15
3360 0.05
3361 0.19
3362 0.19
3363 0.42
3364 0.05
3365 0.15
3366 0.26
3367 0.22
3368 0.13
3369 0.15
3370 0.45
3371 0.09
3372 0.18
3373 0.14
3374 0.10
3375 0.08
3376 0.29
3377 0.22
3378 0.42
3379 0.11
3380 0.14
3381 0.26
3382 0.17
3383 0.16
3384 0.25
3385 0.19
3386 0.10
3387 0.28
3388 0.47
3389 0.05
3390 0.16
3391 0.22
3392 0.17
3393 0.05
3394 0.23
3395 0.17
3396 0.32
3397 0.17
3398 0.08
3399 0.11
3400 0.18
3401 0.21
3402 0.22
3403 0.14
3404 0.23
3405 0.53
3406 0.51
3407 0.52
3408 0.14
3409 0.13
3410 0.13
3411 0.13
3412 0.37
3413 0.07
3414 0.50
3415 0.34
3416 0.39
3417 0.21
3418 0.28
3419 0.27
3420 0.02
3421 0.09
3422 0.61
3423 0.44
3424 0.08
3425 0.16
3426 0.05
3427 0.09
3428 0.65
3429 0.19
3430 0.38
3431 0.13
3432 0.76
3433 0.55
3434 0.13
3435 0.12
3436 0.49
3437 0.37
3438 0.27
3439 0.11
3440 0.03
3441 0.56
3442 0.08
3443 0.20
3444 0.11
3445 0.15
3446 0.11
3447 0.12
3448 0.32
3449 0.16
3450 0.12
3451 0.20
3452 0.23
3453 0.10
3454 0.09
3455 0.35
3456 0.15
3457 0.36
3458 0.65
3459 0.08
3460 0.10
3461 0.23
3462 0.22
3463 0.12
3464 0.41
3465 0.37
3466 0.09
3467 0.31
3468 0.19
3469 0.21
3470 0.14
3471 0.21
3472 0.33
3473 0.14
3474 0.20
3475 0.37
3476 0.88
3477 0.15
3478 0.37
3479 0.12
3480 0.09
3481 0.30
3482 0.04
